-------------------------------------------------------------------------------------------------------------------------
0-100


-------------------------------------------------------------------------------------------------------------------------
101-199
107, 109, 117, 126, 134
135, 139, 140, 144, 149
162, 165, 170, 173, 174
184, 196, 197, 200


-------------------------------------------------------------------------------------------------------------------------
200-300:
201, 204, 213, 227, 231, 
232, 234, 235, 238, 240, 
263, 265, 267, 268, 274
279, 283, 286, 298

znacznik strike wyświetla tekst przekreślony (to samo co s)
